10
8
111
110
1
33
1
16
48
48
5
1933042407035827
8087404966354370
5850093364715576
4798730313777924
3502914607524872
8
8228400349617004
7466048002243042
1741081029176712
8589434623718262
7105014324188232
5135349631309509
3039948642253875
149845881387591
0
3
1473128497600555
1658986210823059
9885250329971314
6
2582448848414473
1190832257270813
46693319454789
2582448848414473
89114047586917
3778801858425140
7
5711843967437744
6017639636993408
2582448848414473
6071657538414001
1662343144416809
6630451083183289
2582448848414473
4
3521225750446319
570390932261943
6076845526695251
7833185791969299
8
5198827981948853
3019501268863678
8759727478027344
7266762256622314
9559007287025452
9257179498672486
5393536090850830
1423383355140686
6
2353282272815704
8622394204139709
2883919855671384
2096011191606521
7796563506126404
2883919855671384