3
5 4 4 2 2 2
4 5 5 1 2 3
4 5 5 3 2 1

1
4
1 1 4 4

4
4
1 2 3 3
4
1 1 3 3
5
1 2 2 1 5
3
2 2 3


1 1 4 4
1 2 3 4

first:
1 2 4 4
1 2 3 4

second:
1 2 4 4


1 1 2 2
1 2 3 4

first :
1 2 2 2 
1 2 3 4

second :
1 3 2 2
1 3 2 4

first :
1 4 2 2
1 4 2 3

second :
1 4 3 2
1 4 3 2


1 2 3 3

first :
1 2 3 4
1 2 3 4

second :
1 3 3 4
2 3 1 4


1 1 1 2
1 2 3 4

first
1 2 1 2
1 2 3 4

second
1 3 1 2
1 3 2 4

first
1 4 1 2
1 4 2 3

second
1 4 2 2
1 4 2 3

first
1 4 3 2
1 4 3 2


1 1 2 3
1 2 3 4

first:
1 2 2 3
1 2 3 4

second :
1 2 3 3
1 2 3 4

first
1 2 4 3
1 2 4 3


1 2 2 3
1 2 3 4

first :
1 3 2 3
1 3 2 4

second :
1 3 2 4
1 3 2 4

1 2 4 5 5
1 2 3 4 5

first :



2 2 2
1 2 3

first :


1 1 2
1 2 3

first :
1 2 2
1 2 3

second :
1 2 3
1 2 3

1 1
1 2

first :
1 2
1 2


1 1 3 3
1 2 3 4

first :
1 2 3 3
1 2 3 4

second :
1 2 3 4
1 2 3 4



1 1 2 2 5
1 2 3 4 5

first :
1 2 2 2 5
1 2 3 4 5

second :
1 2 3 2 5
1 2 3 4 5

first :
1 2 3 3 4
1 2 3 4 5

second :
1 2 3 4 5
1 2 3 4 5



5
99999999
13
10
7
6

4
000
010
101
01011011011110

2 6 3
1 2
